75680
96782
85177
2192761
89599
105443
78944
4551733
91507
110428
507946
84087
107037
112511
91888
77621
86233
97352
112129
96789
84658
111418
120822
99535
96771
124987
96791
84471
278395
97488
99458
89148
91069
84482
97668
115484
91071
93164
619451
89050
1653655
75525
89115
297171
98885
2336339
1859056
268262
225097
95218
570285
93034
80376
98731
658123
73957
93781
86065
109413
217546
120426
573340
97413
96118
215731
98453
115210
97325
570293
75692
1026016
87052
80483
950740
111530
102480
208755
120242
111970
93460
217482
96138
223001
472238
83040
98956
1878623
91528
75708
802346
98429
97335
1164824
256986
277997
93025
95145
96157
266157
99423
96715
102033
114942
86238
120684
92027
97320
122230
217228
1372556
217148
89489
225047
601379
224300
86059
90372
95286
247994
90377
73594
84093
89101
101865
115090
535338
99060
102710
282699
114938
120988
223761
84137
86784
119941
99530
1190286
111949
498233
74515
1818106
123519
98634
239350
123063
518312
77400
98218
98062
102466
112132
100632
1510002
84417
91043
101124
282698
230500
3698496
501102
86155
90895
78347
84078
74619
120831
240109
89602
98979
226427
3400639
75522
111428
217354
222952
125336
97480
240910
84067
75732
98966
114554
79996
84122
98805
120325
112240
2363770
629248
84107
84109
87628
112445
120556
181851
119415
254902
85332
574805
98423
122343
223408
230497
635098
247931
97428
101022
84064
111416
518301
84072
115503
74190
97464
86782
112188
619548
111422
271570
98155
2515499
97275
111969
223201
110414
2043105
87028
89377
98418
1122502
85101
1176940
122738
1159237
220075
271002
86792
101877
82961
84655
81457
84058
1732285
112178
95289
85922
124042
76483
108250
649261
123058
1845701
217517
92269
270385
604456
268205
89773
114850
112134
120874
217654
94326
114917
108571
105494
91703
111374
1489009
226845
625299
97454
109456
1146719
115244
2142718
84051
75604
280643
530220
81699
84476
98679
120826
224305
595373
74588
92711
124023
278900
86038
217770
219444
90864
100730
208754
223752
74199
95302
122616
223860
86214
96688
641273
249658
85325
103177
208355
563256
96769
83020
1200086
75493
101119
124079
84834
98703
114475
601537
77652
84079
84491
85170
85870
98197
98533
2515467
1230421
258653
3226761
564608
97099
96615
96777
1161109
123541
503078
89091
1075397
78851
309165
97499
110434
111441
1147292
1889883
98606
105434
217441
112203
858424
97341
99455
115482
119472
92274
100903
78781
258651
1096849
217483
219446
2346512
86777
74224
1200891
120332
75697
96143
96154
2515740
146143
1584731
283905
110415
111993
219403
2622498
84062
92720
218752
1223992
247932
1214474
249679
85884
1144098
83088
97572
214097
209424
223103
97730
1163622
240589
3531459
513075
646857
111983
2305879
601651
653206
2515443
91495
97380
1194615
1370725
1911613
275312
96711
98463
85357
92775
111524
1164122
81705
84467
90402
94136
119437
121696
674735
816774
673799
223697
288617
101008
115251
217378
74362
74439
84096
85901
100752
225008
2515415
1175532
1652860
1681897
84074
219419
120863
122715
224279
98216
1862847
98884
1161105
181714
2038749
219666
287128
74534
97704
111927
123999
589609
209406
84445
94368
98200
114008
247651
1901934
99939
209403
673768
77617
89150
98224
92070
91891
99504
1218809
122819
123060
1571552
217385
256734
638900
85892
92304
92714
95238
75498
75637
225090
225093
88408
100552
125161
73821
84098
84125
86130
100940
98952
1149434
224275
1500362
3855872
596736
95715
98158
72177
74109
92717
111957
497956
596090
87660
257500
609962
97281
1026409
115051
224539
225217
3154938
90913
94171
100923
1225697
124692
78191
99055
278000
88051
112137
3523356
77006
79575
85876
87012
93047
75717
112219
115209
217757
223757
518297
88855
93051
91925
446913
97349
122703
223681
633478
84081
1097991
146517
75592
83002
83097
99499
99913
1675976
2018751
224990
225315
287112
77423
84041
100733
90260
111562
1140713
1551455
88417
97477
223686
258879
302337
1733429
225228
95779
110132
83014
1048655
1080175
109335
111371
114764
122960
290931
84131
98419
98427
549451
613363
108983
122933
123061
1751886
246753
324044
587534
86320
87623
939976
95716
113856
115541
110037
90003
108980
112124
141952
1556831
223072
223700
73799
84100
85885
96686
75488
98943
115494
119324
108999
111397
1382176
1479774
217278
240165
559685
74563
781659
84075
84082
96727
98231
125648
119325
83099
99531
99926
114575
254055
266322
77242
85867
89223
90891
96828
98640
100939
92867
225041
226946
84877
92786
102463
120559
123066
240907
460034
498949
84095
91093
940582
94122
1546615
224460
2515540
225033
578192
657868
84874
97277
98688
1456261
1699819
208356
223120
224280
227107
3226675
634656
73792
75164
781663
84127
88349
93459
93790
95249
98650
1176688
94713
95163
112231
1768716
649230
84729
88087
111349
1218731
1657115
223914
270688
295758
320282
76506
86209
86304
92240
125626
2515603
84647
122981
125307
223121
239806
281447
4452502
620198
659507
76452
84405
95115
99007
112227
621641
87926
223213
225368
3574675
518285
72342
86241
86288
96942
100914
121974
217669
75502
88814
2515579
302329
88410
101016
110444
111340
1113787
247105
320080
3369217
86172
92281
102061
94689
98954
2515591
503598
1235675
1506933
217203
112154
1438752
225213
235448
73739
77320
85055
94399
98474
217214
217667
226429
321247
84832
92703
96753
97494
97574
99927
102472
113883
114496
4605180
614798
649833
98420
122303
2515511
110174
122450
226584
239912
261234
2008516
219654
224427
320079
601384
97130
102031
102048
620243
96156
98989
102585
120135
217590
505787
74187
88575
887151
1016102
108981
110853
3393901
73856
84129
85118
85185
85881
89054
596760
3838196
96635
111974
1157336
1200529
121296
142017
147434
217519
225218
240085
506420
529370
649095
652607
84113
86171
89615
1484551
247108
277947
75528
596543
258669
92752
114744
1546401
216875
600113
678412
74396
89049
92346
97108
98641
124706
2515463
122455
652928
99453
103171
108982
109468
217653
220059
222957
224009
320038
522605
574679
77783
86194
89158
111521
1199927
223774
578694
653690
75490
75553
99137
224064
91499
105488
1230138
73855
85905
89767
100909
1803632
1863643
223227
1829539
2515666
120058
249846
288605
3217188
553469
652847
674705
99518
105466
115448
1600271
673653
676338
98452
268219
99006
99081
1770798
125845
718372
96790
101219
123056
1477755
2090330
224250
224802
253955
295751
77638
84447
89457
94367
96737
100908
112196
112198
225014
596596
86966
98574
143336
209391
675000
103701
2002038
813245
82976
119356
1200121
120614
1236686
217526
218748
223748
226529
549445
673806
84092
84451
98638
98647
223151
95765
1176623
217673
224122
579764
217415
223694
254646
3314224
73757
77279
80490
84047
84407
84412
89620
89958
90383
97722
222948
72389
92852
98580
2515633
2515920
308759
83072
84766
110865
125782
1787787
219199
224337
225060
259593
2627745
575090
665235
88725
89606
98944
99110
1007582
2515425
2515676
2515837
1413743
2340364
112455
1176838
224241
248355
74363
87236
91166
272674
528271
620244
90108
96153
99058
2515796
2155705
96580
99434
99494
107051
111881
114556
1201317
121281
223032
223750
235709
4008416
602600
84104
84458
85852
86286
90879
102025
114915
603684
2515667
2515773
2515861
91886
119993
83038
97362
1023853
114474
123182
227549
514506
633139
73905
86744
91940
92209
98727
98728
111855
2169089
72971
1474086
108251
116111
119943
111960
113148
1144330
1176415
118134
120613
121915
1724006
224269
224270
271793
84432
86182
93247
95235
252636
287664
3527157
575641
94723
96164
120056
122829
218788
3404878
3838172
530585
88130
92780
109391
1094459
111644
114368
114382
114686
115187
1176581
220076
223967
601614
638307
677644
73943
74455
74607
79746
85906
89118
89130
89458
91143
98234
98644
226753
72396
92075
108701
120072
288816
84743
87922
98673
99488
115706
123769
1486034
1632914
226792
259008
284441
615166
86260
223145
601503
2515585
774804
87617
91687
1026710
224323
103166
222997
223128
224281
224840
268516
483277
585414
73759
85096
89157
89508
89795
92337
93522
100925
111618
223209
99114
2515559
1085755
1413478
585112
84656
92740
115177
123926
124241
2065221
220080
557377
585114
596386
674980
737413
87704
89083
89619
105188
1238907
225796
225918
73264
90015
2514410
2514645
2515577
2515779
530483
97786
101118
120066
123559
274488
85368
109008
109015
224218
80247
878115
141887
225539
85977
98036
98997
109753
217567
2364057
252816
2554285
92744
97475
98701
110839
119536
1199584
1498865
217852
220082
224296
2516761
268257
518306
647006
672305
77605
80708
84048
84090
84117
86179
89768
94093
95198
98464
98655
97989
120174
83070
99487
100546
100637
110843
115444
1201061
122215
224798
224994
239800
3530470
572877
611183
73896
82190
84115
84132
86164
86253
92737
95212
98413
102046
220079
608401
75157
2514388
2514624
2515836
612781
91878
97737
102578
118783
1190033
4261041
729441
87998
102519
1128805
115185
120377
122332
225578
252820
657896
84101
86215
95293
969149
97005
98710
217224
223154
224266
225348
74612
95169
95746
119728
472259
119371
122315
123896
2015227
223116
223199
224228
224997
319967
84501
90392
94372
122737
645386
1123368
2514176
2514184
2514440
2514680
2514731
2514771
260444
91967
93555
119928
223706
247773
97324
100994
103250
105450
105483
111395
114347
114380
120861
1237994
1383229
1761220
223035
224253
250903
258649
276201
564652
85874
95253
98436
98733
100912
224950
241641
94676
91762
93520
103559
108306
108884
225111
258688
578190
613792
620239
83057
85352
88416
91532
92747
110416
119351
1229307
123898
217682
217831
223904
240037
86889
89568
95250
95263
96128
235238
2515598
601419
122433
102503
111345
112145
119365
120477
1390862
1987298
217767
223004
223198
223204
291390
547970
73706
85102
223390
678683
73022
90256
98987
99132
611947
2309623
782678
97312
101222
108977
1138969
1146369
1164375
121917
1237029
1859091
218938
240167
281835
600107
608007
78336
84068
86967
89096
89324
219703
223635
225342
525232
570279
625219
75517
75630
2515604
2515805
91904
110152
119352
121241
122458
295462
76719
97285
110433
1527147
2008152
220058
220242
223869
224458
224992
235513
296000
3572389
446435
566802
74476
79648
84039
92755
98445
121972
223149
283873
585203
102577
1163912
1236680
225241
610906
611291
618914
96593
99433
115261
1201452
1845696
225569
2723843
538182
622833
74624
776023
84065
84118
86251
87658
89777
94206
95269
98187
1015206
108038
113022
223886
75578
75705
83871
111501
2514673
2515454
2515893
2515927
119992
1201207
122860
73236
76686
76710
83031
90767
98764
120884
124176
294839
483942
630313
650476
816807
84080
85180
855132
87216
89805
93218
95183
95285
98109
98426
1200761
224306
75784
775880
98879
2515496
2515840
1146124
247949
74487
91533
97497
99943
101729
1091941
1140707
114687
1464979
2152183
217131
225147
300467
338382
596122
74101
78451
91087
214680
224282
230499
239365
253923
281302
99054
99120
99135
1022738
2514713
2515583
2515790
91907
97712
224590
225490
2554318
501984
83093
100599
105481
110933
112501
115702
121036
220047
223122
223195
249137
252580
258626
313465
569030
73810
74449
77577
85050
85081
877877
90861
92230
93132
100938
102022
122281
124682
219418
226951
631349
657130
75726
88823
96123
2515699
2516005
496876
93450
108913
119357
1450903
276212
280644
73595
75027
97347
97383
105455
113149
114688
1176230
223133
225361
261525
3584945
499019
73889
77326
79659
86763
86968
88845
89469
94194
98424
107680
223193
2313618
252506
547870
76052
90252
98996
99013
111849
677598
87158
91840
93618
101120
110115
1210925
1431092
2095176
2516677
260446
304657
618205
92749
98734
109789
111907
112487
123562
124090
124725
224546
247548
258882
3186945
566498
601490
675842
78450
795770
80513
84083
87424
90875
96698
98188
101524
105180
1237294
223234
279190
98566
112066
2515711
2515830
2515914
2515995
78046
91674
108676
119360
121618
217106
596431
99934
1084331
120915
122620
1503466
1863291
223010
2655561
514475
574116
582306
585109
603494
72253
78473
79710
83856
89495
89547
91095
92213
94146
94163
98639
106211
1176288
217668
505235
5061010
645378
75532
75649
78769
92032
96106
2514667
596339
1435869
294771
76700
81026
108976
108979
115065
1157038
1231097
1237006
125593
217721
223414
224409
235216
503504
620374
75194
86986
87358
88853
92309
94350
97100
98631
100911
1028827
105222
240439
472311
72958
92049
121312
2515786
2515829
2515880
2515892
2515926
2516041
1485688
227110
235488
277979
497953
98729
1086020
109412
111961
120346
121194
122976
1484936
1943235
223203
223688
224874
225149
225253
235526
268206
3530783
4601716
4993188
601099
73712
73982
75212
77573
87684
88839
96721
96735
97120
98229
1724101
223744
225338
2459199
96145
185329
2515501
2515714
2515916
115504
1563869
217758
268199
278810
498346
88084
88460
123065
1485691
217386
223699
224319
478955
4865928
619270
729520
73805
79582
85114
86185
90379
91079
92339
93584
96705
96712
97034
97726
107407
1147630
1478208
288586
568117
95732
95777
2515848
2515887
811329
91828
1007400
617038
92726
96591
97290
99451
99540
110845
114948
1395629
1635868
216884
223202
224813
250037
309180
655612
75203
75425
80689
84454
85061
85116
87418
89429
92217
94363
1163867
1164094
124082
1879036
224652
240603
277896
472262
75701
119443
149921
2515832
2515878
80562
81192
91673
121267
124291
1723698
216969
223716
235227
240376
277881
3217230
501432
673588
72993
92759
97431
97446
98680
99439
100549
101203
101640
102510
110449
121918
122325
1648419
1855057
2141984
214200
219001
219401
223053
223788
225015
226838
267325
498950
605130
779282
877882
89527
90394
92348
97714
98609
1486039
1642734
224267
224928
4057691
4268354
624731
85980
88822
99010
217498
2514304
2514566
650492
80219
80602
1059661
121624
123557
1803694
217759
223060
239940
815490
88456
97365
97368
110419
112512
122592
1513541
1778574
217000
217410
217734
223676
224541
225020
248204
266091
502999
646889
77629
79595
81625
86197
89140
90902
91083
92214
97061
98180
108148
1838927
224268
224274
675672
94696
94717
2515462
285415
506435
656530
75007
82960
85377
88442
98706
99445
110852
122721
217481
223009
225261
559728
623179
73927
75216
84069
84073
89766
90389
95264
102028
105160
1147493
1158926
1200178
122164
224273
277894
75621
95771
99109
1022061
214197
223023
2514215
2514498
2515526
2515872
108364
108945
120275
121275
1450901
224087
265933
498881
675441
84755
84757
85372
96760
105534
115192
121407
121459
142910
1484861
214170
217010
225364
261761
288208
295278
73947
74752
79759
82357
84060
84418
85919
87695
89119
91060
93140
95216
98416
100875
105993
106249
1200874
142023
223167
223832
239853
240506
73445
99104
189076
208191
219156
2515397
2515650
84167
91770
1144554
1845691
223715
514468
73242
99462
99901
101726
1022889
115483
119578
120415
1307607
1485459
223747
224249
224615
226836
248385
265090
72810
74626
84503
85104
85107
86066
89147
89155
93146
98186
1141309
1627951
224345
2266177
263232
73684
83873
1101955
120210
2140201
2515582
2515863
2516029
102580
103710
110143
1176784
120274
1353074
1737951
223875
225112
258901
295756
620759
674740
96604
96624
98672
101223
104392
109367
110451
110850
112179
120424
121415
122970
123068
125476
223680
223749
226840
2643496
268866
3519186
565864
85065
85877
86068
89152
89220
89475
91951
96872
98457
100905
105281
1367775
1545908
217592
310409
310412
73014
73707
75232
111541
2514372
2514608
2515424
2515628
2515639
2515826
2515911
570084
122453
217606
259744
309173
3369752
543124
79342
79445
83046
88560
97297
99945
110436
110847
111892
112136
1141447
119353
125477
2412931
247782
259026
263986
268203
280902
281777
639444
84038
86255
86780
88358
89033
90868
94114
95182
96684
96818
97723
98148
105238
122767
123943
1889915
224160
225048
239955
309423
75686
95753
98058
114889
120305
125310
2515434
1174686
120083
121695
1503358
265904
319954
73575
73634
77004
79412
84812
111904
115181
115704
1176615
119644
122210
142181
1514048
217049
220057
223164
224991
226463
252007
258639
261250
309952
4355476
4427317
631720
74469
74548
86116
86756
87302
88850
95288
98717
106804
121968
282709
3507297
75727
94709
95798
2514419
2514650
2515125
278711
665258
87397
93517
73563
84770
88070
97354
105454
105563
110452
122181
217381
217830
223726
223742
224227
246937
281240
4191854
553884
589298
621581
75180
75206
84084
92719
93797
94133
1100043
1214792
225350
225459
2555768
498886
75677
98881
100562
100570
114898
209392
2514387
2514623
2515174
2515919
80668
93437
99766
108255
108831
120029
120045
256897
671828
878358
90275
91510
99931
100524
101006
109454
110880
111330
111335
112601
1204437
122237
1478510
217011
217213
217380
218542
223900
224076
240164
248257
557199
646561
79061
79676
84433
85184
90777
91150
92748
94199
124531
195637
223166
230503
241647
92047
99101
123534
149920
2515659
2515671
2515833
2515835
2515917
2516077
2520289
305383
549344
610513
1117951
1138589
120111
1231084
1237063
223474
223669
225286
351777
507834
543559
630640
97559
99907
1026630
114650
120381
1370955
1526976
219399
223608
224297
225004
225100
226837
286542
75279
76485
77284
77381
77637
81502
87655
91148
105151
107836
108066
108141
122308
1474319
258813
614758
615692
98571
98887
205044
2514365
2516167
2516196
671150
85438
87638
108254
1214730
1870845
217076
224298
225970
247927
270508
82982
84699
88400
92762
97387
97389
99495
104327
110423
122229
123057
1237013
2151296
224987
240271
248599
252805
275535
283801
3167915
589372
74408
74505
77587
80574
81302
84066
87650
88715
88724
89490
91045
93230
94196
95247
96802
98414
112206
1478311
1573321
223148
4172547
550029
595663
78809
99103
115644
148598
183778
224530
232493
2514601
2515074
2515325
2515455
2515629
2515792
2515876
2515895
2515929
2515983
2516177
87620
97735
1028861
1105858
114661
1479294
1682077
278403
553883
74395
74519
85376
100629
101217
101228
112007
112507
1189576
141893
141940
1439189
239885
253043
256800
259023
268522
280377
325790
4056166
587720
612540
729371
77094
82156
84679
86112
87703
89492
95213
96857
98675
101852
105177
105192
105265
107693
1845625
223228
248027
84724
90259
92858
98573
111788
114075
1308392
1389861
208454
2514173
2514181
2514434
2514437
2514728
2515491
258447
87590
1084013
1100734
123556
216867
5602698
99440
101641
102707
110884
1140029
115248
120918
1438759
1845655
223866
224299
224887
224989
225065
225873
226730
235711
247008
254634
266053
267775
278080
498877
549383
659532
74358
74720
75235
75662
78332
79910
81695
86190
86192
91075
92341
107047
109742
1382753
223165
223169
223235
227048
278077
288604
4020497
486930
615260
73747
75228
98031
100542
1108305
111545
119721
224948
2514358
2514594
2515578
2515803
2515901
2515935
2515964
268660
654030
93466
108158
108791
1176973
1870740
217192
247944
249660
269651
550041
675767
88573
100870
103223
111327
111872
112002
119580
1231551
218100
223665
223702
223863
224008
225009
270529
4089636
652981
73760
75696
77634
79686
81647
85072
86261
87700
89099
89334
90873
91090
91162
96966
98117
98203
98651
98719
98726
107579
1200103
1604021
224910
2309188
239950
257022
564382
650238
72991
75184
88816
95122
99116
1372538
1456560
191099
2515620
2515675
2515816
2515871
2515907
2515941
2515990
256544
270561
85029
89973
96600
108190
110020
110200
115213
121648
141894
1523535
1673679
1929352
217570
223712
240604
273311
273367
559484
74976
76225
79460
84702
84804
92724
97369
97561
99950
100529
1012608
103264
105528
114476
118778
1223693
1230790
1236504
217083
220108
224537
2280220
239915
252009
282801
298763
301309
496576
503070
621463
801616
816732
819653
84070
85126
86266
86979
95252
97093
98991
1027561
1087131
109703
1749569
2203809
223139
223929
593856
596013
72383
75671
79470
95129
95729
95754
101352
120301
1382900
155495
217598
2515165
2515429
2515634
2515706
2515817
2515994
2516231
275980
81019
91909
1026992
115412
119929
225110
225542
247946
465532
83051
92697
96588
97495
99441
109571
1142487
115791
1174692
1210948
126058
1409115
1571800
217412
217579
224999
248201
258165
265211
293194
304776
3432111
3671817
4375420
483199
5223506
674976
73644
74480
74486
74744
75351
77594
77676
79728
83555
84076
85854
86774
87639
89969
96772
97095
97116
98438
105236
122581
1673733
1777521
222951
223150
224930
242394
263459
266034
268351
483228
518371
590202
75378
94716
96160
100507
100567
1149365
123524
189798
2049811
219633
223049
2514920
2515468
2515661
2515802
2515822
2515900
2515934
2515975
2516087
286722
287392
489077
497207
676408
77874
87290
108642
1229785
1382347
1413491
240487
247123
282569
4176660
74348
83023
84802
85369
99489
100518
102537
104345
109426
111909
115196
1164882
120869
122594
123881
1866954
223660
254436
604457
75339
77584
81644
87687
88353
89493
95709
96829
101842
107659
107826
1138944
1866262
223152
223153
240476
257507
277895
281304
5962542
95790
98560
156565
183085
183253
2031570
2514695
2514753
2515621
2515632
2515909
2515943
2515970
2516062
258655
600446
103662
108444
108908
2038685
2039194
2060732
252797
277740
83044
84654
84794
85364
91501
92731
98798
99928
100515
100631
110431
115186
1164710
1196587
122979
145477
1566903
1776806
1945963
214205
222958
224155
250244
324321
3247018
3507274
481470
503651
571818
658051
665163
73763
76490
79693
79989
84443
85909
86982
93237
96805
102044
107834
113013
225540
261256
268297
268642
560623
95131
1235711
240235
2514230
2514513
2515083
2515327
2515432
2515968
2515992
2515996
2516042
482154
90959
102593
103623
1165021
124370
1858821
2533204
2559927
283230
4859637
616772
649536
74467
79468
84642
85344
91516
95294
95300
98768
99468
99936
1009777
100996
101731
105606
109013
109452
114555
115087
115265
121009
1212709
152095
1588429
1654095
1657449
216974
217414
2225444
223197
223897
249689
262855
4343743
5522648
575268
73862
74545
84052
84086
84673
88535
89311
89558
89811
92201
92739
94127
94142
95258
96761
101843
107452
1163620
121979
122166
1236730
1390020
1458570
239882
446407
597937
94731
950309
98020
98920
112092
1141280
144433
153378
182554
183636
203175
218770
223017
2514376
2514612
2515101
2515333
2515457
2515864
2515897
2515931
2515962
2515984
262330
76442
84313
85380
90985
102583
108534
1116329
1139002
1200768
1201110
120159
1490717
1646985
252572
502443
577708
607700
608241
73617
76219
77040
81023
96603
96770
97563
98771
99450
101225
110435
110442
111381
111393
111968
125521
1479195
1510383
223374
223893
225001
226844
227547
273732
3908010
581076
604455
625705
670740
675150
74758
75190
79754
81679
82013
84031
84063
878571
88714
92199
93173
97152
97334
98629
98704
112190
113858
1236706
1484591
1676324
224900
5960523
607413
656435
674665
73860
78923
80715
92860
98045
98579
98584
98959
100569
112412
113905
1218720
1465497
182002
183090
224168
229495
2514344
2514580
2515049
2515071
2515094
2515330
2515417
2515472
2515794
2515824
2515843
2515910
2515923
2516004
2516056
284987
80227
80793
85204
108408
110290
1230144
1514210
1601128
1795607
2156247
222987
240568
242702
247948
247993
268412
270534
320058
549753
574244
631722
816772
98769
1026877
108967
110864
111377
121238
1238207
209389
223691
223978
224985
227545
281250
555224
5585310
596746
638308
72339
73787
73861
73923
74242
77468
79391
81672
84506
84509
86271
86753
87675
89113
93774
94202
96803
96831
97404
107708
1477838
1488903
1577352
1778319
219417
225013
240003
286001
309972
657890
75563
878451
945980
95791
98039
1022792
111843
150446
155558
1729030
190138
220240
224689
236299
243667
2514216
2514412
2514427
2514443
2514682
2514951
2515040
2515056
2515584
2515948
2515989
2516010
2516241
302294
304490
596668
677531
81394
87592
93344
99307
108522
1127473
121654
1390173
1465109
1946045
223058
223580
248289
262661
295459
543093
640116
73629
77051
881708
99900
99954
100582
1016257
101661
103150
108964
110417
110420
113688
1159029
1173092
121344
1218038
122982
123054
1231036
142074
1597568
1736251
223031
223679
224790
225058
270544
280332
3242687
495392
575780
596098
619363
623686
630035
652966
74383
75967
78416
81401
82323
87020
87266
87270
88548
89498
90897
91073
91919
92790
93783
94140
97131
97342
100719
105207
109727
109751
112205
114793
1150279
122584
225724
235512
239765
247124
280811
3236579
3581843
4096387
507196
87008
94700
99014
1011240
111492
111507
124839
154739
1639337
188029
190569
195280
202693
219166
2514709
2515091
2515433
2515589
2516058
2516091
256659
287568
291544
321151
480622
549249
78694
81397
84463
85283
87659
103641
120128
1676193
223578
225232
225341
258902
575256
73591
84653
91518
96788
97401
98689
98744
99884
1011427
101202
102550
1049619
108963
109345
110866
111890
111978
1200977
120448
1212540
125773
1413466
142142
209448
217418
217576
217635
219439
222999
223214
223668
223771
225196
2264004
239906
240570
252008
252496
266385
286389
296713
579355
620241
626886
77251
81642
84029
89481
91912
94102
96795
96949
98730
101875
1136864
119482
124528
1576648
1785613
223173
223536
224500
240483
257023
530636
574131
635088
73731
73745
88813
96104
96119
1456257
1456410
155800
1938661
218403
2514636
2514925
2515152
2515535
2515605
2515646
2515660
2515866
2515875
2515998
2516023
256528
302173
659080
75061
76061
81669
85981
87648
93507
93516
108339
120161
120186
125596
1973596
247930
260272
281669
5522589
671614
73641
85346
85362
88398
88458
92758
97603
98732
99470
105519
1065337
109004
109404
110867
112505
115052
1174687
120848
120977
121527
123974
124488
1449858
209931
223707
223864
224097
224757
224784
226528
240436
240682
241044
249682
273191
281510
310008
3505865
482439
554960
5558211
571210
634649
646553
648068
674316
74507
754229
85866
85882
86247
87000
89053
92781
93147
95284
96726
98683
98713
107649
113017
123322
1657341
239349
490895
555227
578445
613513
624449
631240
635096
672520
75661
95133
98493
98873
100504
100565
100597
1068719
114577
124741
148045
218407
218780
219996
223026
249712
2514400
2514420
2514651
2514805
2514806
2515002
2515096
2515108
2515323
2515329
2515331
2515442
2515456
2515601
2515612
2515713
2516039
2516103
2516160
288445
305921
77804
77866
79868
80747
80999
84253
84356
87637
87645
87657
87833
93475
93545
104074
108938
108939
108956
1097043
1099934
112229
1163505
1238857
1580161
1724103
225039
243963
286009
645211
73555
84649
85343
90251
939411
96618
96785
97420
98724
98810
98819
100566
103226
108991
109379
1159224
1175606
1176822
119456
1205162
120633
1224560
122652
122932
124108
1382102
1383286
1390253
1546086
1573301
1650269
1804801
214095
2154314
217735
224240
224889
224932
225002
225144
225146
249903
255237
265842
309161
572119
576922
577342
628474
650648
653808
81471
82283
84032
85070
88848
89380
89488
89571
93150
98219
98443
98694
107915
1479301
1484557
1485047
1485414
1966350
217189
223160
225190
225346
225741
226038
239763
239865
249426
251042
268149
3580996
75513
816863
85985
92067
96100
98034
101357
114591
115755
124848
1449313
148042
155846
1566945
208552
209384
214263
223983
224525
2514671
2514922
2515411
2515441
2515595
2515631
2515704
2515913
2516000
2516002
2516003
255650
265476
277720
483299
505788
506900
613399
613798
77274
80193
80990
81444
84317
103724
1174688
1213542
1236032
1382240
1479174
1479977
225031
291620
3577928
4432439
455650
559540
656713
676392
73584
77060
781648
813034
83081
866480
88401
88403
92723
96611
97265
98709
98766
99464
99521
102542
108966
108969
109389
112162
112508
1138709
1199863
122973
126331
1372600
142262
1528126
2063377
2151986
217732
223130
223293
223391
224879
225500
2443641
247781
281614
3935061
3937200
526841
561178
574156
612704
817297
84049
86250
87705
88721
89592
89629
95261
95265
96755
98213
100725
101556
107558
107856
112200
114447
1174691
1508562
2078032
223137
225230
239850
247138
2531544
259753
277876
460033
481594
536356
90308
95146
98870
98871
99106
99171
100617
111500
112273
120251
1235890
1372848
148043
150443
1822211
192067
193057
194170
219165
220237
224783
225108
226187
228929
2514348
2514491
2514584
2514657
2514928
2515138
2515414
2515423
2515431
2515498
2515672
2515828
2515841
2516017
2516078
2516198
252734
275251
294931
301468
306182
498304
506158
654651
77775
79954
80133
84316
87399
87618
89327
89336
91700
93486
93593
108932
108944
110291
120171
1549318
1674220
224123
276904
659595
73603
74453
79442
87414
88134
90268
96596
98827
99416
99476
99933
100636
108962
109000
109370
110418
110422
110425
110841
110855
110857
111971
113692
1158960
1168639
118775
119495
1207611
1231038
1236696
1396603
1451293
1456795
1762662
220106
223107
223273
223373
223413
223620
224888
225059
225099
225256
239949
268331
268606
308189
3263526
498362
498902
545624
571188
596092
600196
606726
614002
631851
676367
677854
75307
77580
78326
86145
90883
96763
96840
98623
98964
100932
101847
101869
107670
1465029
1483537
1675659
1801882
1879027
223134
223535
225012
230544
295455
446932
530632
589367
625696
653910
73713
75510
100587
1027494
1029276
1093450
111823
126402
155824
156093
182528
198174
209138
217522
224531
224849
2514674
2514687
2514811
2514812
2514819
2514820
2515005
2515009
2515088
2515112
2515120
2515328
2515487
2515596
2515619
2515630
2515647
2515698
2515809
2515815
2515859
2515894
2515904
2515906
2515928
2515938
2515940
2515961
2515982
2515993
255674
258647
300697
460081
569579
572984
573658
596942
625335
628433
638765
77798
82868
85031
85193
90973
91823
93351
93526
102601
103864
110186
1139086
120170
1438859
1751673
2145772
226431
239357
258652
498318
556027
561843
569882
77021
77034
79485
79489
877968
88395
92767
96630
97283
97289
99513
99542
102492
1025910
1100110
114387
115184
1158679
120380
120408
120523
121243
121427
1605022
209721
222995
222996
223603
223675
223739
224545
224785
225062
226843
2322623
240535
249788
249940
254633
260963
266158
2692233
271801
278075
279606
284184
4585076
483326
486939
601365
627004
631590
659490
673126
74425
74590
74826
75703
77055
776134
81667
84507
85161
86256
86269
87678
878360
88718
92735
94166
95701
96850
96959
97113
98433
106170
107490
1114497
1156585
124294
1462107
1479634
1597508
1738107
223142
223159
223232
223773
225193
227051
230501
253009
268282
4044522
446434
570283
572121
589563
620304
633673
75653
88812
94675
94688
99066
1063797
1086295
111623
111938
1147514
1199588
120303
120957
124849
125274
126130
1438231
150496
151682
154883
1674691
184233
185747
189387
209365
217360
223129
223207
230643
2514361
2514379
2514394
2514411
2514597
2514615
2514630
2514646
2515044
2515146
2515160
2515525
2515572
2515623
2515627
2515791
2515804
2515902
2515936
2515956
2516018
2516027
2516036
2516055
2516174
2516201
256595
257281
262501
268228
281234
316644
319527
618996
651332
78037
80423
81514
87306
87595
90952
93440
93568
103761
108608
108703
120153
1238865
1515572
217605
223057
223852
226432
252779
276199
553343
639048
74970
85359
88566
92729
92757
97374
99437
100511
101665
101730
101757
102539
105522
105623
105628
108965
110882
113151
115048
1158905
116265
118602
119667
120897
121868
1225443
122607
122879
125771
142098
1493264
1500563
1861737
223045
223867
224838
224918
225166
226839
239815
239927
240143
240591
240681
248258
2520839
268181
268189
2701442
275522
3403301
4089982
486899
536318
571191
581167
596018
5980552
631718
736369
74564
77268
78330
78479
81455
84436
86300
86790
86937
87708
89421
89801
91155
92203
94103
95707
97716
100920
101867
1022627
105184
107600
108004
112201
1421298
1795669
217227
220094
223192
258636
287652
4334109
5000390
576424
578946
634253
6374922
73690
75188
75747
76463
94726
96086